1.529164037926212139e+00
5.615595263093109857e+00
1.697473514331517830e+00
1.912534349814924095e+00
2.982759263283080386e+00
1.290844431795005409e+00
1.250173026552806155e+00
5.835727553838034876e-01
1.305085858576720881e+00
5.111469911247722209e+00
4.045067365219180644e+00
1.780254324939866351e+00
2.488084425888903883e+00
4.877622041317256851e+00
6.018029999132250119e+00
3.946484434080744119e+00
4.378645396201608087e+00
5.434693717005040448e+00
1.531491691231866348e+00
5.830638259737297879e+00
4.618357038789151048e+00
5.313603839262736273e+00
2.211403880293857593e+00
2.435212353440988409e+00
3.101790212771555755e+00
4.003968595969977784e+00
4.684967849072369184e+00
9.152867238776603021e-01
1.266394121316214871e+00
4.582223478240065262e+00
3.672312404038343692e-01
2.876537598926439010e+00
6.422544176247395598e-01
6.083200186638439533e+00
5.535674621539339313e+00
1.367567783165472894e+00
3.837880648815438445e+00
4.297991565331841790e-01
9.018597952355351666e-01
3.967234211272200550e+00
2.637126158082078398e+00
3.305058996275224814e+00
1.061251515015203761e+00
5.606119624124007217e+00
4.585817858387327028e+00
3.631514732525479516e+00
2.916420469488298473e+00
1.293730410963291888e+00
6.229179382222628014e+00
3.290144026868567551e+00
2.548841891626516087e+00
8.827744099248073795e-01
6.351950800199888114e+00
6.365329843656428288e+00
7.799503012766032528e-01
1.206338249998613721e+00
2.471309080132031433e+00
2.314257582826980020e+00
3.384218006705472348e+00
1.710690794256175096e+00
3.868768272365644023e+00
2.001142849563247506e+00
5.217352918673109130e+00
3.972811359017207167e+00
2.432079290669819649e+00
4.817868624979351644e+00
4.816391811599005202e+00
5.522089633615393289e+00
5.607258029558698453e+00
3.585808524743149817e-01
3.404803027400622017e+00
2.757052330915635618e+00
4.386233109572822642e+00
6.456639446630582313e+00
6.162193249097337677e+00
3.460222598139427452e-01
3.972713274649505077e+00
4.154423560856640663e+00
3.823087975391675108e+00
3.120037519304030393e+00
3.300651910377244480e+00
1.517973369338294409e+00
1.793777179293261748e+00
6.450595630016327853e+00
2.464899416802484478e+00
8.933044850893466782e-01
3.276246950872125474e+00
6.256804108272714160e+00
2.146702195703733551e+00
2.297287940031271791e-01
4.326721797795730851e+00
1.487375244272458596e+00
4.182810005926357100e+00
4.637848572219799514e+00
2.961063188519357792e-01
6.453646095638698732e+00
3.298610334663539589e+00
3.865605812112300477e+00
4.139539673867887792e+00
3.078968519310374408e+00
4.238937929814420080e+00
1.790286026702494704e+00
6.208969825256275499e+00
4.351322442425040293e+00
6.258343993780267844e+00
9.658854609336195995e-01
1.575115223687372668e+00
3.661064148254334238e+00
1.523167439339021767e+00
3.956271166665549455e+00
1.511705613234942680e+00
2.169633876617181656e+00
2.787855240059453177e+00
4.513132911664091473e+00
1.397332059894343503e+00
3.258110154161514060e+00
1.321910233886570696e+00
4.204511271900011060e+00
1.723718541650389513e+00
5.351191086293382249e+00
3.501117057276371014e+00
3.690333495561749277e+00
8.624304180959548871e-01
5.476979192629401361e+00
2.642927566057773792e+00
2.961876496231012901e+00
2.088138456499761264e-01
3.616367865275513793e+00
2.827671634177063353e+00
2.688726370076846450e+00
5.776345295536347013e-01
4.425719233778705686e+00
4.826323795028842900e-01
6.143905715779179211e+00
1.354657703972627525e+00
3.353870212490605240e+00
1.460778725475939899e+00
5.815328312167262759e+00
3.073046062918580734e+00
5.774575748993965085e+00
1.038080743053522825e+00
2.358375963212125948e-01
4.595729917331622616e+00
2.639187555320425815e+00
2.565267259640525488e+00
3.352242149051649633e+00
5.885179870462186713e+00
1.983784266234863036e+00
3.042929331589556252e+00
3.604548824394513407e+00
1.584094203537450563e+00
3.722052079254922763e+00
4.168633816201233522e+00
3.932104268830613591e+00
6.442624658426410633e+00
1.212690655594614419e+00
4.194431102662332655e+00
2.365559071982921591e+00
1.394943232146542478e+00
4.170158799794869253e+00
2.069800630544092357e+00
1.953727126090915700e+00
3.477012328338916713e+00
4.952398665868827266e+00
3.287665317696158995e-01
5.598441828951599142e+00
1.779379943571894218e+00
5.306614678735668278e+00
5.617846008757677367e+00
6.371629190490072148e+00
2.317505285761661593e+00
7.013126655130467180e-01
5.864180783200380276e+00
2.919736357077666433e+00
1.222155588113660540e+00
6.140649542964661478e+00
8.979637774494082514e-01
2.465972046383378302e+00
6.199974173985341785e+00
2.221554874345177844e+00
5.103222057334045658e+00
5.402872357161800032e+00
6.207364054241063300e+00
4.794970904485479579e+00
3.994468943704453157e+00
5.342215916972791412e+00
3.789946972934860048e-01
1.283228380215343467e+00
5.276090226851746223e+00
4.244500782841192921e-01
3.526621906903698811e+00
3.302073676091067167e+00
2.086459519351623992e+00
6.389169326540162785e+00
2.738146087688595465e+00
4.714492386708540650e+00
1.943619886796911445e+00
1.098381981011586239e+00
6.434893133709485014e+00
2.343198356835068275e+00
7.697265656375458232e-01
6.214909284214095386e+00
6.493273293712235272e+00
2.570390462073386839e+00
3.934674026148085701e+00
6.290165399672696722e+00
2.874460821719538206e+00
4.343036274832597243e+00
4.807194744277512477e+00
3.179799140579792738e+00
2.344426903875847401e+00
1.049987951954112209e+00
5.570089053400230306e+00
1.753176051582362671e+00
5.045425577965604980e+00
6.342540909721501308e+00
2.101040204950135326e+00
3.513522398247607370e+00
4.679539357226134122e+00
4.654374022841602176e+00
1.926664606362704868e+00
2.224391171655525579e+00
5.809592849685077276e+00
5.212673803381710158e+00
1.923446396172876049e+00
7.182665007717511374e-01
4.519917447360999319e-01
1.859204433219561192e+00
2.793383270520347850e+00
4.711247240555317184e+00
3.267416338925477781e+00
5.274338385174462296e+00
1.801822362251624066e+00
2.606243703141593482e+00
6.368143176548373141e+00
6.379801399177561727e+00
3.004612761636171303e+00
6.632204897531169818e-01
6.289641075270138160e+00
3.623451133283082104e+00
6.122187863620959902e+00
2.150415851930238986e+00
3.870971035444361608e+00
2.172318582007611187e+00
5.051565569394081301e+00
5.810439451789576104e+00
2.686611806145963399e+00
3.834479446220206977e+00
2.054281780167138471e+00
7.572990899182118207e-01
